[(10, 1)]
[(10, 1)]
[(5, 1)]
[(1, 1)]
[(1, 1)]
[(1, 1), (6, 1), (9, 1), (10, 1)]
[(1, 1)]
[(9, 1)]
[(9, 1)]
[(6, 1)]
[(9, 1)]
[(1, 1)]
[(1, 1)]
[(6, 1)]
[(1, 1)]
[(1, 1)]
[(1, 1)]
[(1, 1)]
[(1, 1)]
[(1, 1)]
[(9, 1)]
[(1, 1), (5, 1)]
[(5, 1)]
[(5, 1)]
[(1, 1)]
[(1, 1)]
[(5, 1)]
[(1, 1)]
[(6, 1), (9, 1)]
[(1, 1)]
[(6, 1)]
[(1, 1)]
[(6, 1)]
[(1, 1)]
[(10, 1)]
[(1, 1)]
[(1, 1)]
[(5, 1)]
[(9, 1)]
[(1, 1)]
[(10, 1)]
[(1, 1)]
[(9, 1)]
[(9, 1)]
[(10, 1)]
[(10, 1)]
[(1, 1)]
[(1, 1)]
[(1, 1)]
[(1, 1)]
[(9, 1), (10, 1)]
[(9, 1), (10, 1)]
[(10, 1)]
[(10, 1)]
[(10, 1)]
[(1, 1)]
[(1, 1), (10, 1)]
[(10, 1)]
[(1, 1)]
[(5, 1)]
[(5, 1)]
[(10, 1)]
[(5, 1)]
[(1, 1)]
[(10, 1)]
[(1, 1), (6, 1)]
[(1, 1)]
[(1, 1)]
[(1, 1)]
[(1, 1), (10, 1)]
[(5, 1)]
[(1, 1)]
[(1, 1)]
[(10, 1)]
[(5, 1)]
[(1, 1)]
[(6, 1)]
[(1, 1)]
[(9, 1)]
[(1, 1), (10, 1)]
[(5, 1)]
[(10, 1)]
[(1, 1)]
[(1, 1)]
[(1, 1)]
[(1, 1)]
[(1, 1)]
[(1, 1)]
[(10, 1)]
[(5, 1)]
[(10, 1)]
[(1, 1)]
[(10, 1)]
[(10, 1)]
[(10, 1)]
[(1, 1)]
[(1, 1)]
[(1, 1), (6, 1)]
[(1, 1)]
[(5, 1)]
[(6, 1)]
[(1, 1), (5, 1), (6, 1)]
[(5, 1)]
[(1, 1), (6, 1)]
[(1, 1)]
[(1, 1)]
[(9, 1), (10, 1)]
[(5, 1)]
[(1, 1)]
[(5, 1), (6, 1)]
[(10, 1)]
[(6, 1), (10, 1)]
[(10, 1)]
[(1, 1)]
[(1, 1)]
[(5, 1), (6, 1)]
[(6, 1)]
[(1, 1)]
[(1, 1)]
[(1, 1)]
[(10, 1)]
[(10, 1)]
[(10, 1)]
[(1, 1)]
[(1, 1)]
[(5, 1)]
[(5, 1)]
[(10, 1)]
[(1, 1), (10, 1)]
[(9, 1), (10, 1)]
[(1, 1), (10, 1)]
[(9, 1), (10, 1)]
[(10, 1)]
[(5, 1)]
[(1, 1), (5, 1)]
[(6, 1)]
[(1, 1), (5, 1)]
[(6, 1)]
[(1, 1)]
[(1, 1)]
[(10, 1)]
[(1, 1)]
[(1, 1)]
[(5, 1)]
[(1, 1), (5, 1)]
[(10, 1)]
[(1, 1)]
[(1, 1)]
[(6, 1)]
[(6, 1)]
[(1, 1)]
[(5, 1)]
[(1, 1)]
[(9, 1), (10, 1)]
[(10, 1)]
[(1, 1)]
[(6, 1)]
[(1, 1), (10, 1)]
[(6, 1)]
[(1, 1), (6, 1)]
[(1, 1)]
[(10, 1)]
[(10, 1)]
[(5, 1)]
[(1, 1), (6, 1)]
[(1, 1)]
[(9, 1)]
[(1, 1)]
[(1, 1)]
[(1, 1), (9, 2), (10, 1)]
[(6, 1)]
[(10, 1)]
[(1, 1)]
[(5, 1)]
[(1, 1)]
[(5, 1)]
[(5, 1)]
[(5, 1)]
[(1, 1)]
[(1, 1)]
[(6, 1)]
[(1, 1)]
[(10, 1)]
[(5, 1)]
[(1, 1)]
[(10, 1)]
[(5, 1)]
[(1, 1)]
[(1, 1)]
[(6, 1)]
[(6, 1)]
[(1, 1)]
[(10, 1)]
[(1, 1)]
[(10, 1)]
[(10, 1)]
[(1, 1), (10, 1)]
[(10, 1)]
[(10, 1)]
[(1, 1), (5, 1), (10, 1)]
[(1, 1)]
[(10, 1)]
[(1, 1)]
[(1, 1)]
[(6, 1)]
[(1, 1), (5, 1), (10, 1)]
[(10, 1)]
[(1, 1)]
[(6, 1), (9, 1), (10, 1)]
[(1, 1)]
[(1, 1)]
[(10, 1)]
[(1, 1)]
[(5, 1)]
[(5, 1)]
[(1, 1)]
[(9, 1)]
[(9, 1)]
[(5, 1)]
[(1, 1)]
[(6, 1)]
[(5, 1)]
[(1, 1)]
[(10, 1)]
[(5, 1)]
[(5, 1)]
[(1, 1)]
[(6, 1)]
[(1, 1)]
[(10, 1)]
[(1, 1)]
[(1, 1)]
[(10, 1)]
[(1, 1), (9, 1), (10, 1)]
[(1, 1), (10, 1)]
[(1, 1)]
[(10, 1)]
[(1, 1)]
[(1, 1)]
[(1, 1)]
[(9, 1), (10, 1)]
[(9, 1)]
[(1, 1), (6, 1)]
[(1, 1)]
[(6, 1)]
[(1, 1)]
[(1, 1)]
[(1, 1)]
[(1, 1), (10, 1)]
[(5, 1), (6, 1)]
[(6, 1)]
[(9, 1)]
[(1, 1)]
[(1, 1)]
[(1, 1)]
[(1, 1)]
[(9, 1), (10, 1)]
[(6, 1)]
[(6, 1)]
[(6, 1)]
[(1, 1)]
[(10, 1)]
[(10, 1)]
[(10, 1)]
[(10, 1)]
[(10, 1)]
[(1, 1)]
[(10, 1)]
[(10, 1)]
[(1, 1), (6, 1)]
[(1, 1)]
[(10, 1)]
[(1, 1), (10, 1)]
[(1, 1), (6, 1)]
[(1, 1), (6, 2), (10, 1)]
[(1, 1)]
[(9, 1)]
[(1, 1)]
[(1, 1), (5, 1)]
[(5, 1)]
[(6, 1)]
[(5, 1)]
[(1, 1)]
[(9, 1)]
[(10, 1)]
[(1, 1)]
[(1, 1)]
[(1, 1)]
[(5, 1), (6, 1)]
[(5, 1)]
[(10, 1)]
[(10, 1)]
[(1, 1), (10, 1)]
[(5, 1)]
[(5, 1)]
[(1, 1), (10, 1)]
[(1, 1)]
[(1, 1)]
